# amplicon position	effect
1	0.000000000000000000e+00
2	0.000000000000000000e+00
3	0.000000000000000000e+00
4	0.000000000000000000e+00
5	0.000000000000000000e+00
6	0.000000000000000000e+00
7	0.000000000000000000e+00
8	0.000000000000000000e+00
9	0.000000000000000000e+00
10	0.000000000000000000e+00
11	0.000000000000000000e+00
12	0.000000000000000000e+00
13	0.000000000000000000e+00
14	0.000000000000000000e+00
15	0.000000000000000000e+00
16	0.000000000000000000e+00
17	0.000000000000000000e+00
18	0.000000000000000000e+00
19	0.000000000000000000e+00
20	0.000000000000000000e+00
21	0.000000000000000000e+00
22	0.000000000000000000e+00
23	0.000000000000000000e+00
24	0.000000000000000000e+00
25	0.000000000000000000e+00
26	0.000000000000000000e+00
27	0.000000000000000000e+00
28	0.000000000000000000e+00
29	0.000000000000000000e+00
30	0.000000000000000000e+00
31	0.000000000000000000e+00
32	0.000000000000000000e+00
33	0.000000000000000000e+00
34	0.000000000000000000e+00
35	0.000000000000000000e+00
36	0.000000000000000000e+00
37	0.000000000000000000e+00
38	0.000000000000000000e+00
39	0.000000000000000000e+00
40	0.000000000000000000e+00
41	0.000000000000000000e+00
42	0.000000000000000000e+00
43	0.000000000000000000e+00
44	0.000000000000000000e+00
45	0.000000000000000000e+00
46	0.000000000000000000e+00
47	0.000000000000000000e+00
48	0.000000000000000000e+00
49	0.000000000000000000e+00
50	0.000000000000000000e+00
51	0.000000000000000000e+00
52	0.000000000000000000e+00
53	0.000000000000000000e+00
54	0.000000000000000000e+00
55	0.000000000000000000e+00
56	0.000000000000000000e+00
57	0.000000000000000000e+00
58	0.000000000000000000e+00
59	0.000000000000000000e+00
60	0.000000000000000000e+00
61	0.000000000000000000e+00
62	0.000000000000000000e+00
63	0.000000000000000000e+00
64	0.000000000000000000e+00
65	0.000000000000000000e+00
66	0.000000000000000000e+00
67	0.000000000000000000e+00
68	0.000000000000000000e+00
69	0.000000000000000000e+00
70	0.000000000000000000e+00
71	0.000000000000000000e+00
72	0.000000000000000000e+00
73	0.000000000000000000e+00
74	0.000000000000000000e+00
75	0.000000000000000000e+00
76	0.000000000000000000e+00
77	0.000000000000000000e+00
78	0.000000000000000000e+00
79	0.000000000000000000e+00
80	0.000000000000000000e+00
81	0.000000000000000000e+00
82	0.000000000000000000e+00
83	0.000000000000000000e+00
84	0.000000000000000000e+00
85	0.000000000000000000e+00
86	0.000000000000000000e+00
87	0.000000000000000000e+00
88	0.000000000000000000e+00
89	0.000000000000000000e+00
90	0.000000000000000000e+00
91	0.000000000000000000e+00
92	0.000000000000000000e+00
93	0.000000000000000000e+00
94	0.000000000000000000e+00
95	0.000000000000000000e+00
96	0.000000000000000000e+00
97	0.000000000000000000e+00
98	0.000000000000000000e+00
99	0.000000000000000000e+00
100	0.000000000000000000e+00
101	0.000000000000000000e+00
102	0.000000000000000000e+00
103	0.000000000000000000e+00
104	0.000000000000000000e+00
105	0.000000000000000000e+00
106	0.000000000000000000e+00
107	0.000000000000000000e+00
108	0.000000000000000000e+00
109	0.000000000000000000e+00
110	0.000000000000000000e+00
111	0.000000000000000000e+00
112	0.000000000000000000e+00
113	0.000000000000000000e+00
114	0.000000000000000000e+00
115	0.000000000000000000e+00
116	0.000000000000000000e+00
117	0.000000000000000000e+00
118	0.000000000000000000e+00
119	0.000000000000000000e+00
120	0.000000000000000000e+00
121	0.000000000000000000e+00
122	0.000000000000000000e+00
123	0.000000000000000000e+00
124	0.000000000000000000e+00
125	0.000000000000000000e+00
126	0.000000000000000000e+00
127	0.000000000000000000e+00
128	0.000000000000000000e+00
129	0.000000000000000000e+00
130	0.000000000000000000e+00
131	0.000000000000000000e+00
132	0.000000000000000000e+00
133	0.000000000000000000e+00
134	0.000000000000000000e+00
135	0.000000000000000000e+00
136	0.000000000000000000e+00
137	0.000000000000000000e+00
138	0.000000000000000000e+00
139	0.000000000000000000e+00
140	0.000000000000000000e+00
141	0.000000000000000000e+00
142	0.000000000000000000e+00
143	0.000000000000000000e+00
144	0.000000000000000000e+00
145	0.000000000000000000e+00
146	0.000000000000000000e+00
147	0.000000000000000000e+00
148	0.000000000000000000e+00
149	0.000000000000000000e+00
150	0.000000000000000000e+00
151	0.000000000000000000e+00
152	0.000000000000000000e+00
153	0.000000000000000000e+00
154	0.000000000000000000e+00
155	0.000000000000000000e+00
156	0.000000000000000000e+00
157	0.000000000000000000e+00
158	0.000000000000000000e+00
159	0.000000000000000000e+00
160	0.000000000000000000e+00
161	0.000000000000000000e+00
162	0.000000000000000000e+00
163	0.000000000000000000e+00
164	0.000000000000000000e+00
165	0.000000000000000000e+00
166	0.000000000000000000e+00
167	0.000000000000000000e+00
168	0.000000000000000000e+00
169	0.000000000000000000e+00
170	6.714113065664026152e-03
171	6.714113065664026152e-03
172	6.714113065664026152e-03
173	1.678528266416006581e-02
174	2.349939572982408936e-02
175	2.349939572982408936e-02
176	2.349939572982408936e-02
177	2.685645226265610461e-02
178	6.378407412380825148e-02
179	6.378407412380825148e-02
180	7.049818718947227503e-02
181	7.049818718947227503e-02
182	7.721230025513629858e-02
183	7.721230025513629858e-02
184	1.074258090506244184e-01
185	1.342822613132805265e-01
186	1.611387135759366207e-01
187	3.961326708741775282e-01
188	4.498455753994897166e-01
189	6.982677588290586712e-01
190	8.963340942661474076e-01
191	9.802605075869477158e-01
192	1.312609104337317145e+00
193	1.980663354370887586e+00
194	2.088089163421511962e+00
195	2.111588559151336142e+00
196	2.712501678528266513e+00
197	1.769168792802470858e+00
198	4.800590841949778365e-01
199	3.357056532832012885e-01
200	3.155633140862091901e-01
201	1.678528266416006443e-01
202	1.141399221162884420e-01
203	8.728346985363233390e-02
204	8.392641332080032213e-02
205	7.049818718947227503e-02
206	6.714113065664026325e-02
207	6.042701759097623276e-02
208	4.364173492681616695e-02
209	4.028467839398415518e-02
210	3.692762186115214340e-02
211	3.692762186115214340e-02
212	2.685645226265610461e-02
213	2.685645226265610461e-02
214	2.349939572982408936e-02
215	2.349939572982408936e-02
216	1.678528266416006581e-02
217	1.678528266416006581e-02
218	1.342822613132805230e-02
219	1.007116959849603879e-02
220	1.007116959849603879e-02
221	1.007116959849603879e-02
222	3.357056532832013076e-03
223	3.357056532832013076e-03
224	3.357056532832013076e-03
225	0.000000000000000000e+00
226	0.000000000000000000e+00
227	0.000000000000000000e+00
228	0.000000000000000000e+00
229	0.000000000000000000e+00
230	0.000000000000000000e+00
231	0.000000000000000000e+00
232	0.000000000000000000e+00
233	0.000000000000000000e+00
234	0.000000000000000000e+00
235	0.000000000000000000e+00
236	0.000000000000000000e+00
237	0.000000000000000000e+00
238	0.000000000000000000e+00
239	0.000000000000000000e+00
240	0.000000000000000000e+00
241	0.000000000000000000e+00
242	0.000000000000000000e+00
243	0.000000000000000000e+00
244	0.000000000000000000e+00
245	0.000000000000000000e+00
246	0.000000000000000000e+00
247	0.000000000000000000e+00
248	0.000000000000000000e+00
249	0.000000000000000000e+00
250	0.000000000000000000e+00
251	0.000000000000000000e+00
252	0.000000000000000000e+00
253	0.000000000000000000e+00
254	0.000000000000000000e+00
255	0.000000000000000000e+00
256	0.000000000000000000e+00
257	0.000000000000000000e+00
258	0.000000000000000000e+00
259	0.000000000000000000e+00
260	0.000000000000000000e+00
261	0.000000000000000000e+00
262	0.000000000000000000e+00
263	0.000000000000000000e+00
264	0.000000000000000000e+00
265	0.000000000000000000e+00
266	0.000000000000000000e+00
267	0.000000000000000000e+00
268	0.000000000000000000e+00
269	0.000000000000000000e+00
270	0.000000000000000000e+00
271	0.000000000000000000e+00
272	0.000000000000000000e+00
273	0.000000000000000000e+00
274	0.000000000000000000e+00
275	0.000000000000000000e+00
276	0.000000000000000000e+00
277	0.000000000000000000e+00
278	0.000000000000000000e+00
279	0.000000000000000000e+00
280	0.000000000000000000e+00
281	0.000000000000000000e+00
282	0.000000000000000000e+00
283	0.000000000000000000e+00
284	0.000000000000000000e+00
285	0.000000000000000000e+00
286	0.000000000000000000e+00
287	0.000000000000000000e+00
288	0.000000000000000000e+00
289	0.000000000000000000e+00
290	0.000000000000000000e+00
291	0.000000000000000000e+00
292	0.000000000000000000e+00
293	0.000000000000000000e+00
294	0.000000000000000000e+00
295	0.000000000000000000e+00
296	0.000000000000000000e+00
297	0.000000000000000000e+00
298	0.000000000000000000e+00
299	0.000000000000000000e+00
300	0.000000000000000000e+00
301	0.000000000000000000e+00
302	0.000000000000000000e+00
303	0.000000000000000000e+00
304	0.000000000000000000e+00
305	0.000000000000000000e+00
306	0.000000000000000000e+00
307	0.000000000000000000e+00
308	0.000000000000000000e+00
309	0.000000000000000000e+00
310	0.000000000000000000e+00
311	0.000000000000000000e+00
312	0.000000000000000000e+00
313	0.000000000000000000e+00
