# amplicon position	effect
1	0.000000000000000000e+00
2	0.000000000000000000e+00
3	0.000000000000000000e+00
4	0.000000000000000000e+00
5	0.000000000000000000e+00
6	0.000000000000000000e+00
7	0.000000000000000000e+00
8	0.000000000000000000e+00
9	0.000000000000000000e+00
10	0.000000000000000000e+00
11	0.000000000000000000e+00
12	0.000000000000000000e+00
13	0.000000000000000000e+00
14	0.000000000000000000e+00
15	0.000000000000000000e+00
16	0.000000000000000000e+00
17	0.000000000000000000e+00
18	0.000000000000000000e+00
19	0.000000000000000000e+00
20	0.000000000000000000e+00
21	0.000000000000000000e+00
22	0.000000000000000000e+00
23	0.000000000000000000e+00
24	0.000000000000000000e+00
25	0.000000000000000000e+00
26	0.000000000000000000e+00
27	0.000000000000000000e+00
28	0.000000000000000000e+00
29	0.000000000000000000e+00
30	0.000000000000000000e+00
31	0.000000000000000000e+00
32	0.000000000000000000e+00
33	0.000000000000000000e+00
34	0.000000000000000000e+00
35	0.000000000000000000e+00
36	0.000000000000000000e+00
37	0.000000000000000000e+00
38	0.000000000000000000e+00
39	0.000000000000000000e+00
40	0.000000000000000000e+00
41	0.000000000000000000e+00
42	0.000000000000000000e+00
43	0.000000000000000000e+00
44	0.000000000000000000e+00
45	0.000000000000000000e+00
46	0.000000000000000000e+00
47	0.000000000000000000e+00
48	0.000000000000000000e+00
49	0.000000000000000000e+00
50	0.000000000000000000e+00
51	0.000000000000000000e+00
52	0.000000000000000000e+00
53	0.000000000000000000e+00
54	0.000000000000000000e+00
55	0.000000000000000000e+00
56	0.000000000000000000e+00
57	0.000000000000000000e+00
58	0.000000000000000000e+00
59	0.000000000000000000e+00
60	0.000000000000000000e+00
61	0.000000000000000000e+00
62	0.000000000000000000e+00
63	0.000000000000000000e+00
64	0.000000000000000000e+00
65	0.000000000000000000e+00
66	0.000000000000000000e+00
67	0.000000000000000000e+00
68	0.000000000000000000e+00
69	0.000000000000000000e+00
70	0.000000000000000000e+00
71	0.000000000000000000e+00
72	0.000000000000000000e+00
73	0.000000000000000000e+00
74	0.000000000000000000e+00
75	0.000000000000000000e+00
76	0.000000000000000000e+00
77	0.000000000000000000e+00
78	0.000000000000000000e+00
79	0.000000000000000000e+00
80	0.000000000000000000e+00
81	0.000000000000000000e+00
82	0.000000000000000000e+00
83	0.000000000000000000e+00
84	0.000000000000000000e+00
85	0.000000000000000000e+00
86	0.000000000000000000e+00
87	0.000000000000000000e+00
88	0.000000000000000000e+00
89	0.000000000000000000e+00
90	0.000000000000000000e+00
91	0.000000000000000000e+00
92	0.000000000000000000e+00
93	0.000000000000000000e+00
94	0.000000000000000000e+00
95	0.000000000000000000e+00
96	0.000000000000000000e+00
97	0.000000000000000000e+00
98	0.000000000000000000e+00
99	0.000000000000000000e+00
100	0.000000000000000000e+00
101	0.000000000000000000e+00
102	0.000000000000000000e+00
103	0.000000000000000000e+00
104	0.000000000000000000e+00
105	0.000000000000000000e+00
106	0.000000000000000000e+00
107	0.000000000000000000e+00
108	0.000000000000000000e+00
109	0.000000000000000000e+00
110	0.000000000000000000e+00
111	0.000000000000000000e+00
112	0.000000000000000000e+00
113	0.000000000000000000e+00
114	0.000000000000000000e+00
115	0.000000000000000000e+00
116	0.000000000000000000e+00
117	0.000000000000000000e+00
118	0.000000000000000000e+00
119	0.000000000000000000e+00
120	0.000000000000000000e+00
121	0.000000000000000000e+00
122	0.000000000000000000e+00
123	0.000000000000000000e+00
124	0.000000000000000000e+00
125	0.000000000000000000e+00
126	0.000000000000000000e+00
127	0.000000000000000000e+00
128	0.000000000000000000e+00
129	0.000000000000000000e+00
130	0.000000000000000000e+00
131	0.000000000000000000e+00
132	0.000000000000000000e+00
133	0.000000000000000000e+00
134	0.000000000000000000e+00
135	0.000000000000000000e+00
136	0.000000000000000000e+00
137	0.000000000000000000e+00
138	0.000000000000000000e+00
139	0.000000000000000000e+00
140	0.000000000000000000e+00
141	0.000000000000000000e+00
142	0.000000000000000000e+00
143	0.000000000000000000e+00
144	0.000000000000000000e+00
145	0.000000000000000000e+00
146	0.000000000000000000e+00
147	0.000000000000000000e+00
148	0.000000000000000000e+00
149	0.000000000000000000e+00
150	0.000000000000000000e+00
151	0.000000000000000000e+00
152	0.000000000000000000e+00
153	0.000000000000000000e+00
154	0.000000000000000000e+00
155	0.000000000000000000e+00
156	0.000000000000000000e+00
157	0.000000000000000000e+00
158	0.000000000000000000e+00
159	0.000000000000000000e+00
160	0.000000000000000000e+00
161	0.000000000000000000e+00
162	0.000000000000000000e+00
163	0.000000000000000000e+00
164	0.000000000000000000e+00
165	0.000000000000000000e+00
166	0.000000000000000000e+00
167	0.000000000000000000e+00
168	0.000000000000000000e+00
169	0.000000000000000000e+00
170	0.000000000000000000e+00
171	0.000000000000000000e+00
172	0.000000000000000000e+00
173	0.000000000000000000e+00
174	0.000000000000000000e+00
175	0.000000000000000000e+00
176	0.000000000000000000e+00
177	0.000000000000000000e+00
178	0.000000000000000000e+00
179	0.000000000000000000e+00
180	0.000000000000000000e+00
181	0.000000000000000000e+00
182	0.000000000000000000e+00
183	0.000000000000000000e+00
184	0.000000000000000000e+00
185	0.000000000000000000e+00
186	0.000000000000000000e+00
187	0.000000000000000000e+00
188	0.000000000000000000e+00
189	0.000000000000000000e+00
190	0.000000000000000000e+00
191	0.000000000000000000e+00
192	0.000000000000000000e+00
193	0.000000000000000000e+00
194	0.000000000000000000e+00
195	0.000000000000000000e+00
196	0.000000000000000000e+00
197	0.000000000000000000e+00
198	0.000000000000000000e+00
199	0.000000000000000000e+00
200	0.000000000000000000e+00
201	1.912594434350196188e-02
202	1.912594434350196188e-02
203	1.912594434350196188e-02
204	1.912594434350196188e-02
205	1.912594434350196188e-02
206	1.912594434350196188e-02
207	1.912594434350196188e-02
208	1.912594434350196188e-02
209	2.868891651525293934e-02
210	2.868891651525293934e-02
211	2.868891651525293934e-02
212	3.825188868700392375e-02
213	4.781486085875490122e-02
214	5.737783303050587869e-02
215	5.737783303050587869e-02
216	5.737783303050587869e-02
217	5.737783303050587869e-02
218	5.737783303050587869e-02
219	1.051926938892607799e-01
220	1.912594434350196049e-01
221	1.912594434350196049e-01
222	2.486372764655254974e-01
223	4.781486085875489844e-01
224	9.467342450033470191e-01
225	1.577890408338911810e+00
226	4.112078033852921699e+00
227	4.475470976379458676e+00
228	5.307449555321793966e+00
229	7.774696375633546985e+00
230	7.315673711389499623e+00
231	2.687195180262025307e+00
232	1.903031462178444988e+00
233	9.371712728315960694e-01
234	8.893564119728412098e-01
235	7.746007459118293692e-01
236	5.833413024768098198e-01
237	4.877115807592999897e-01
238	4.685856364157980347e-01
239	3.825188868700392097e-01
240	3.442669981830352999e-01
241	2.103853877785215598e-01
242	1.912594434350196049e-01
243	1.816964712632686274e-01
244	1.721334990915176499e-01
245	1.721334990915176499e-01
246	1.721334990915176499e-01
247	1.721334990915176499e-01
248	1.147556660610117574e-01
249	1.147556660610117574e-01
250	1.051926938892607799e-01
251	1.051926938892607799e-01
252	9.562972171750980244e-02
253	9.562972171750980244e-02
254	4.781486085875490122e-02
255	1.912594434350196188e-02
256	1.912594434350196188e-02
257	1.912594434350196188e-02
258	1.912594434350196188e-02
259	1.912594434350196188e-02
260	1.912594434350196188e-02
261	1.912594434350196188e-02
262	9.562972171750980938e-03
263	9.562972171750980938e-03
264	0.000000000000000000e+00
265	0.000000000000000000e+00
266	0.000000000000000000e+00
267	0.000000000000000000e+00
268	0.000000000000000000e+00
269	0.000000000000000000e+00
270	0.000000000000000000e+00
271	0.000000000000000000e+00
272	0.000000000000000000e+00
273	0.000000000000000000e+00
274	0.000000000000000000e+00
275	0.000000000000000000e+00
276	0.000000000000000000e+00
277	0.000000000000000000e+00
278	0.000000000000000000e+00
279	0.000000000000000000e+00
280	0.000000000000000000e+00
281	0.000000000000000000e+00
282	0.000000000000000000e+00
283	0.000000000000000000e+00
284	0.000000000000000000e+00
285	0.000000000000000000e+00
286	0.000000000000000000e+00
287	0.000000000000000000e+00
288	0.000000000000000000e+00
289	0.000000000000000000e+00
290	0.000000000000000000e+00
291	0.000000000000000000e+00
292	0.000000000000000000e+00
293	0.000000000000000000e+00
294	0.000000000000000000e+00
295	0.000000000000000000e+00
296	0.000000000000000000e+00
297	0.000000000000000000e+00
298	0.000000000000000000e+00
299	0.000000000000000000e+00
300	0.000000000000000000e+00
301	0.000000000000000000e+00
302	0.000000000000000000e+00
303	0.000000000000000000e+00
304	0.000000000000000000e+00
305	0.000000000000000000e+00
306	0.000000000000000000e+00
307	0.000000000000000000e+00
308	0.000000000000000000e+00
309	0.000000000000000000e+00
310	0.000000000000000000e+00
311	0.000000000000000000e+00
312	0.000000000000000000e+00
313	0.000000000000000000e+00
314	0.000000000000000000e+00
315	0.000000000000000000e+00
316	0.000000000000000000e+00
317	0.000000000000000000e+00
318	0.000000000000000000e+00
319	0.000000000000000000e+00
320	0.000000000000000000e+00
321	0.000000000000000000e+00
322	0.000000000000000000e+00
323	0.000000000000000000e+00
324	0.000000000000000000e+00
325	0.000000000000000000e+00
326	0.000000000000000000e+00
327	0.000000000000000000e+00
328	0.000000000000000000e+00
329	0.000000000000000000e+00
330	0.000000000000000000e+00
331	0.000000000000000000e+00
332	0.000000000000000000e+00
333	0.000000000000000000e+00
334	0.000000000000000000e+00
335	0.000000000000000000e+00
336	0.000000000000000000e+00
337	0.000000000000000000e+00
338	0.000000000000000000e+00
339	0.000000000000000000e+00
340	0.000000000000000000e+00
341	0.000000000000000000e+00
342	0.000000000000000000e+00
343	0.000000000000000000e+00
344	0.000000000000000000e+00
345	0.000000000000000000e+00
346	0.000000000000000000e+00
347	0.000000000000000000e+00
348	0.000000000000000000e+00
349	0.000000000000000000e+00
350	0.000000000000000000e+00
351	0.000000000000000000e+00
352	0.000000000000000000e+00
353	0.000000000000000000e+00
354	0.000000000000000000e+00
355	0.000000000000000000e+00
356	0.000000000000000000e+00
357	0.000000000000000000e+00
358	0.000000000000000000e+00
359	0.000000000000000000e+00
360	0.000000000000000000e+00
361	0.000000000000000000e+00
362	0.000000000000000000e+00
363	0.000000000000000000e+00
364	0.000000000000000000e+00
365	0.000000000000000000e+00
366	0.000000000000000000e+00
367	0.000000000000000000e+00
368	0.000000000000000000e+00
369	0.000000000000000000e+00
370	0.000000000000000000e+00
371	0.000000000000000000e+00
372	0.000000000000000000e+00
373	0.000000000000000000e+00
374	0.000000000000000000e+00
