# amplicon position	effect
1	0.000000000000000000e+00
2	0.000000000000000000e+00
3	0.000000000000000000e+00
4	0.000000000000000000e+00
5	0.000000000000000000e+00
6	0.000000000000000000e+00
7	0.000000000000000000e+00
8	0.000000000000000000e+00
9	0.000000000000000000e+00
10	0.000000000000000000e+00
11	0.000000000000000000e+00
12	0.000000000000000000e+00
13	0.000000000000000000e+00
14	0.000000000000000000e+00
15	0.000000000000000000e+00
16	0.000000000000000000e+00
17	0.000000000000000000e+00
18	0.000000000000000000e+00
19	0.000000000000000000e+00
20	0.000000000000000000e+00
21	0.000000000000000000e+00
22	0.000000000000000000e+00
23	0.000000000000000000e+00
24	0.000000000000000000e+00
25	0.000000000000000000e+00
26	0.000000000000000000e+00
27	0.000000000000000000e+00
28	0.000000000000000000e+00
29	0.000000000000000000e+00
30	0.000000000000000000e+00
31	0.000000000000000000e+00
32	0.000000000000000000e+00
33	0.000000000000000000e+00
34	0.000000000000000000e+00
35	0.000000000000000000e+00
36	0.000000000000000000e+00
37	0.000000000000000000e+00
38	0.000000000000000000e+00
39	0.000000000000000000e+00
40	0.000000000000000000e+00
41	0.000000000000000000e+00
42	0.000000000000000000e+00
43	0.000000000000000000e+00
44	0.000000000000000000e+00
45	0.000000000000000000e+00
46	0.000000000000000000e+00
47	0.000000000000000000e+00
48	0.000000000000000000e+00
49	0.000000000000000000e+00
50	0.000000000000000000e+00
51	0.000000000000000000e+00
52	0.000000000000000000e+00
53	0.000000000000000000e+00
54	0.000000000000000000e+00
55	0.000000000000000000e+00
56	0.000000000000000000e+00
57	0.000000000000000000e+00
58	0.000000000000000000e+00
59	0.000000000000000000e+00
60	0.000000000000000000e+00
61	0.000000000000000000e+00
62	0.000000000000000000e+00
63	0.000000000000000000e+00
64	0.000000000000000000e+00
65	0.000000000000000000e+00
66	0.000000000000000000e+00
67	0.000000000000000000e+00
68	0.000000000000000000e+00
69	0.000000000000000000e+00
70	0.000000000000000000e+00
71	0.000000000000000000e+00
72	0.000000000000000000e+00
73	0.000000000000000000e+00
74	0.000000000000000000e+00
75	0.000000000000000000e+00
76	0.000000000000000000e+00
77	0.000000000000000000e+00
78	0.000000000000000000e+00
79	0.000000000000000000e+00
80	0.000000000000000000e+00
81	0.000000000000000000e+00
82	0.000000000000000000e+00
83	0.000000000000000000e+00
84	0.000000000000000000e+00
85	0.000000000000000000e+00
86	0.000000000000000000e+00
87	0.000000000000000000e+00
88	0.000000000000000000e+00
89	0.000000000000000000e+00
90	0.000000000000000000e+00
91	0.000000000000000000e+00
92	0.000000000000000000e+00
93	0.000000000000000000e+00
94	0.000000000000000000e+00
95	0.000000000000000000e+00
96	0.000000000000000000e+00
97	0.000000000000000000e+00
98	0.000000000000000000e+00
99	0.000000000000000000e+00
100	0.000000000000000000e+00
101	0.000000000000000000e+00
102	0.000000000000000000e+00
103	0.000000000000000000e+00
104	0.000000000000000000e+00
105	0.000000000000000000e+00
106	0.000000000000000000e+00
107	0.000000000000000000e+00
108	0.000000000000000000e+00
109	0.000000000000000000e+00
110	0.000000000000000000e+00
111	0.000000000000000000e+00
112	0.000000000000000000e+00
113	0.000000000000000000e+00
114	0.000000000000000000e+00
115	0.000000000000000000e+00
116	0.000000000000000000e+00
117	2.964192553948304370e-03
118	2.964192553948304370e-03
119	3.260611809343134937e-02
120	3.557031064737965070e-02
121	3.557031064737965070e-02
122	4.446288830922456858e-02
123	4.742708086317286992e-02
124	4.742708086317286992e-02
125	4.742708086317286992e-02
126	6.224804363291439741e-02
127	7.114062129475930141e-02
128	7.410481384870760968e-02
129	8.596158406450082889e-02
130	2.015650936684847128e-01
131	3.675598766895897818e-01
132	6.580507469765235484e-01
133	1.905975812188759777e+00
134	2.134218638842779292e+00
135	2.614417832582404344e+00
136	3.960161252074934968e+00
137	5.495612995020156433e+00
138	3.361394356177377141e+00
139	8.714726108608015220e-01
140	4.001659947830211173e-01
141	3.616314915816931652e-01
142	3.379179511501066990e-01
143	2.549205596395541784e-01
144	2.104576713303296098e-01
145	2.074934787763813016e-01
146	1.511738202513635276e-01
147	1.304244723737253975e-01
148	8.596158406450082889e-02
149	7.410481384870760968e-02
150	7.410481384870760968e-02
151	6.817642874081100701e-02
152	6.817642874081100701e-02
153	4.742708086317286992e-02
154	4.742708086317286992e-02
155	3.260611809343134937e-02
156	2.964192553948304457e-02
157	2.964192553948304457e-02
158	2.964192553948304457e-02
159	2.667773298553473976e-02
160	1.185677021579321748e-02
161	0.000000000000000000e+00
162	0.000000000000000000e+00
163	0.000000000000000000e+00
164	0.000000000000000000e+00
165	0.000000000000000000e+00
166	0.000000000000000000e+00
167	0.000000000000000000e+00
168	0.000000000000000000e+00
169	0.000000000000000000e+00
170	0.000000000000000000e+00
171	0.000000000000000000e+00
172	0.000000000000000000e+00
173	0.000000000000000000e+00
174	0.000000000000000000e+00
175	0.000000000000000000e+00
176	0.000000000000000000e+00
177	0.000000000000000000e+00
178	0.000000000000000000e+00
179	0.000000000000000000e+00
180	0.000000000000000000e+00
181	0.000000000000000000e+00
182	0.000000000000000000e+00
183	0.000000000000000000e+00
184	0.000000000000000000e+00
185	0.000000000000000000e+00
186	0.000000000000000000e+00
187	0.000000000000000000e+00
188	0.000000000000000000e+00
189	0.000000000000000000e+00
190	0.000000000000000000e+00
191	0.000000000000000000e+00
192	0.000000000000000000e+00
193	0.000000000000000000e+00
194	0.000000000000000000e+00
195	0.000000000000000000e+00
196	0.000000000000000000e+00
197	0.000000000000000000e+00
198	0.000000000000000000e+00
199	0.000000000000000000e+00
200	0.000000000000000000e+00
201	0.000000000000000000e+00
202	0.000000000000000000e+00
203	0.000000000000000000e+00
204	0.000000000000000000e+00
205	0.000000000000000000e+00
206	0.000000000000000000e+00
207	0.000000000000000000e+00
208	0.000000000000000000e+00
209	0.000000000000000000e+00
210	0.000000000000000000e+00
211	0.000000000000000000e+00
212	0.000000000000000000e+00
213	0.000000000000000000e+00
214	0.000000000000000000e+00
215	0.000000000000000000e+00
216	0.000000000000000000e+00
217	0.000000000000000000e+00
218	0.000000000000000000e+00
219	0.000000000000000000e+00
220	0.000000000000000000e+00
221	0.000000000000000000e+00
222	0.000000000000000000e+00
223	0.000000000000000000e+00
224	0.000000000000000000e+00
225	0.000000000000000000e+00
226	0.000000000000000000e+00
227	0.000000000000000000e+00
228	0.000000000000000000e+00
229	0.000000000000000000e+00
230	0.000000000000000000e+00
231	0.000000000000000000e+00
232	0.000000000000000000e+00
233	0.000000000000000000e+00
234	0.000000000000000000e+00
235	0.000000000000000000e+00
236	0.000000000000000000e+00
237	0.000000000000000000e+00
238	0.000000000000000000e+00
239	0.000000000000000000e+00
240	0.000000000000000000e+00
241	0.000000000000000000e+00
242	0.000000000000000000e+00
243	0.000000000000000000e+00
244	0.000000000000000000e+00
245	0.000000000000000000e+00
246	0.000000000000000000e+00
247	0.000000000000000000e+00
248	0.000000000000000000e+00
249	0.000000000000000000e+00
250	0.000000000000000000e+00
251	0.000000000000000000e+00
252	0.000000000000000000e+00
253	0.000000000000000000e+00
254	0.000000000000000000e+00
255	0.000000000000000000e+00
256	0.000000000000000000e+00
257	0.000000000000000000e+00
258	0.000000000000000000e+00
259	0.000000000000000000e+00
260	0.000000000000000000e+00
261	0.000000000000000000e+00
262	0.000000000000000000e+00
263	0.000000000000000000e+00
264	0.000000000000000000e+00
265	0.000000000000000000e+00
266	0.000000000000000000e+00
267	0.000000000000000000e+00
268	0.000000000000000000e+00
269	0.000000000000000000e+00
270	0.000000000000000000e+00
271	0.000000000000000000e+00
272	0.000000000000000000e+00
273	0.000000000000000000e+00
274	0.000000000000000000e+00
275	0.000000000000000000e+00
276	0.000000000000000000e+00
277	0.000000000000000000e+00
278	0.000000000000000000e+00
279	0.000000000000000000e+00
280	0.000000000000000000e+00
281	0.000000000000000000e+00
282	0.000000000000000000e+00
283	0.000000000000000000e+00
284	0.000000000000000000e+00
285	0.000000000000000000e+00
286	0.000000000000000000e+00
287	0.000000000000000000e+00
288	0.000000000000000000e+00
289	0.000000000000000000e+00
290	0.000000000000000000e+00
291	0.000000000000000000e+00
292	0.000000000000000000e+00
293	0.000000000000000000e+00
294	0.000000000000000000e+00
295	0.000000000000000000e+00
296	0.000000000000000000e+00
297	0.000000000000000000e+00
298	0.000000000000000000e+00
299	0.000000000000000000e+00
300	0.000000000000000000e+00
301	0.000000000000000000e+00
302	0.000000000000000000e+00
303	0.000000000000000000e+00
304	0.000000000000000000e+00
305	0.000000000000000000e+00
306	0.000000000000000000e+00
307	0.000000000000000000e+00
308	0.000000000000000000e+00
309	0.000000000000000000e+00
310	0.000000000000000000e+00
311	0.000000000000000000e+00
312	0.000000000000000000e+00
313	0.000000000000000000e+00
314	0.000000000000000000e+00
315	0.000000000000000000e+00
316	0.000000000000000000e+00
317	0.000000000000000000e+00
318	0.000000000000000000e+00
319	0.000000000000000000e+00
320	0.000000000000000000e+00
321	0.000000000000000000e+00
322	0.000000000000000000e+00
323	0.000000000000000000e+00
324	0.000000000000000000e+00
325	0.000000000000000000e+00
326	0.000000000000000000e+00
327	0.000000000000000000e+00
328	0.000000000000000000e+00
329	0.000000000000000000e+00
330	0.000000000000000000e+00
331	0.000000000000000000e+00
332	0.000000000000000000e+00
333	0.000000000000000000e+00
334	0.000000000000000000e+00
335	0.000000000000000000e+00
336	0.000000000000000000e+00
337	0.000000000000000000e+00
338	0.000000000000000000e+00
339	0.000000000000000000e+00
340	0.000000000000000000e+00
341	0.000000000000000000e+00
342	0.000000000000000000e+00
343	0.000000000000000000e+00
344	0.000000000000000000e+00
345	0.000000000000000000e+00
346	0.000000000000000000e+00
347	0.000000000000000000e+00
348	0.000000000000000000e+00
349	0.000000000000000000e+00
350	0.000000000000000000e+00
351	0.000000000000000000e+00
352	0.000000000000000000e+00
353	0.000000000000000000e+00
354	0.000000000000000000e+00
355	0.000000000000000000e+00
356	0.000000000000000000e+00
357	0.000000000000000000e+00
358	0.000000000000000000e+00
359	0.000000000000000000e+00
360	0.000000000000000000e+00
361	0.000000000000000000e+00
362	0.000000000000000000e+00
363	0.000000000000000000e+00
364	0.000000000000000000e+00
365	0.000000000000000000e+00
366	0.000000000000000000e+00
367	0.000000000000000000e+00
368	0.000000000000000000e+00
369	0.000000000000000000e+00
370	0.000000000000000000e+00
371	0.000000000000000000e+00
372	0.000000000000000000e+00
373	0.000000000000000000e+00
374	0.000000000000000000e+00
375	0.000000000000000000e+00
376	0.000000000000000000e+00
377	0.000000000000000000e+00
378	0.000000000000000000e+00
379	0.000000000000000000e+00
