# amplicon position	effect
1	0.000000000000000000e+00
2	0.000000000000000000e+00
3	0.000000000000000000e+00
4	0.000000000000000000e+00
5	0.000000000000000000e+00
6	0.000000000000000000e+00
7	0.000000000000000000e+00
8	0.000000000000000000e+00
9	0.000000000000000000e+00
10	0.000000000000000000e+00
11	0.000000000000000000e+00
12	0.000000000000000000e+00
13	0.000000000000000000e+00
14	0.000000000000000000e+00
15	0.000000000000000000e+00
16	0.000000000000000000e+00
17	0.000000000000000000e+00
18	0.000000000000000000e+00
19	0.000000000000000000e+00
20	0.000000000000000000e+00
21	0.000000000000000000e+00
22	0.000000000000000000e+00
23	0.000000000000000000e+00
24	0.000000000000000000e+00
25	0.000000000000000000e+00
26	0.000000000000000000e+00
27	0.000000000000000000e+00
28	0.000000000000000000e+00
29	0.000000000000000000e+00
30	0.000000000000000000e+00
31	0.000000000000000000e+00
32	0.000000000000000000e+00
33	0.000000000000000000e+00
34	0.000000000000000000e+00
35	0.000000000000000000e+00
36	0.000000000000000000e+00
37	0.000000000000000000e+00
38	0.000000000000000000e+00
39	0.000000000000000000e+00
40	0.000000000000000000e+00
41	0.000000000000000000e+00
42	0.000000000000000000e+00
43	0.000000000000000000e+00
44	0.000000000000000000e+00
45	0.000000000000000000e+00
46	0.000000000000000000e+00
47	0.000000000000000000e+00
48	0.000000000000000000e+00
49	0.000000000000000000e+00
50	0.000000000000000000e+00
51	0.000000000000000000e+00
52	0.000000000000000000e+00
53	0.000000000000000000e+00
54	0.000000000000000000e+00
55	0.000000000000000000e+00
56	0.000000000000000000e+00
57	0.000000000000000000e+00
58	0.000000000000000000e+00
59	0.000000000000000000e+00
60	0.000000000000000000e+00
61	0.000000000000000000e+00
62	0.000000000000000000e+00
63	0.000000000000000000e+00
64	0.000000000000000000e+00
65	0.000000000000000000e+00
66	0.000000000000000000e+00
67	0.000000000000000000e+00
68	0.000000000000000000e+00
69	0.000000000000000000e+00
70	0.000000000000000000e+00
71	0.000000000000000000e+00
72	0.000000000000000000e+00
73	0.000000000000000000e+00
74	0.000000000000000000e+00
75	0.000000000000000000e+00
76	0.000000000000000000e+00
77	0.000000000000000000e+00
78	0.000000000000000000e+00
79	0.000000000000000000e+00
80	0.000000000000000000e+00
81	0.000000000000000000e+00
82	0.000000000000000000e+00
83	0.000000000000000000e+00
84	0.000000000000000000e+00
85	0.000000000000000000e+00
86	0.000000000000000000e+00
87	0.000000000000000000e+00
88	0.000000000000000000e+00
89	0.000000000000000000e+00
90	0.000000000000000000e+00
91	0.000000000000000000e+00
92	0.000000000000000000e+00
93	0.000000000000000000e+00
94	0.000000000000000000e+00
95	0.000000000000000000e+00
96	0.000000000000000000e+00
97	0.000000000000000000e+00
98	0.000000000000000000e+00
99	0.000000000000000000e+00
100	0.000000000000000000e+00
101	0.000000000000000000e+00
102	0.000000000000000000e+00
103	0.000000000000000000e+00
104	0.000000000000000000e+00
105	0.000000000000000000e+00
106	0.000000000000000000e+00
107	0.000000000000000000e+00
108	0.000000000000000000e+00
109	0.000000000000000000e+00
110	0.000000000000000000e+00
111	0.000000000000000000e+00
112	0.000000000000000000e+00
113	0.000000000000000000e+00
114	0.000000000000000000e+00
115	0.000000000000000000e+00
116	0.000000000000000000e+00
117	0.000000000000000000e+00
118	0.000000000000000000e+00
119	0.000000000000000000e+00
120	0.000000000000000000e+00
121	0.000000000000000000e+00
122	0.000000000000000000e+00
123	0.000000000000000000e+00
124	0.000000000000000000e+00
125	0.000000000000000000e+00
126	0.000000000000000000e+00
127	0.000000000000000000e+00
128	0.000000000000000000e+00
129	0.000000000000000000e+00
130	0.000000000000000000e+00
131	0.000000000000000000e+00
132	0.000000000000000000e+00
133	0.000000000000000000e+00
134	0.000000000000000000e+00
135	0.000000000000000000e+00
136	0.000000000000000000e+00
137	0.000000000000000000e+00
138	0.000000000000000000e+00
139	0.000000000000000000e+00
140	0.000000000000000000e+00
141	0.000000000000000000e+00
142	0.000000000000000000e+00
143	0.000000000000000000e+00
144	0.000000000000000000e+00
145	0.000000000000000000e+00
146	0.000000000000000000e+00
147	0.000000000000000000e+00
148	0.000000000000000000e+00
149	0.000000000000000000e+00
150	0.000000000000000000e+00
151	0.000000000000000000e+00
152	0.000000000000000000e+00
153	0.000000000000000000e+00
154	0.000000000000000000e+00
155	0.000000000000000000e+00
156	0.000000000000000000e+00
157	0.000000000000000000e+00
158	0.000000000000000000e+00
159	0.000000000000000000e+00
160	0.000000000000000000e+00
161	0.000000000000000000e+00
162	0.000000000000000000e+00
163	0.000000000000000000e+00
164	0.000000000000000000e+00
165	0.000000000000000000e+00
166	0.000000000000000000e+00
167	0.000000000000000000e+00
168	0.000000000000000000e+00
169	0.000000000000000000e+00
170	0.000000000000000000e+00
171	0.000000000000000000e+00
172	0.000000000000000000e+00
173	0.000000000000000000e+00
174	0.000000000000000000e+00
175	0.000000000000000000e+00
176	0.000000000000000000e+00
177	0.000000000000000000e+00
178	0.000000000000000000e+00
179	0.000000000000000000e+00
180	0.000000000000000000e+00
181	0.000000000000000000e+00
182	0.000000000000000000e+00
183	0.000000000000000000e+00
184	0.000000000000000000e+00
185	0.000000000000000000e+00
186	0.000000000000000000e+00
187	0.000000000000000000e+00
188	0.000000000000000000e+00
189	0.000000000000000000e+00
190	0.000000000000000000e+00
191	1.947798987144526775e-02
192	1.947798987144526775e-02
193	9.738994935722633528e-02
194	9.738994935722633528e-02
195	1.071289442929489744e-01
196	1.363459291001168638e-01
197	1.753019088430073924e-01
198	2.532138683287884495e-01
199	2.629528632645111164e-01
200	2.726918582002337277e-01
201	3.895597974289053411e-01
202	4.382547721075185088e-01
203	5.453837164004674554e-01
204	9.641604986365407415e-01
205	1.723802103622906090e+00
206	2.619789637709388330e+00
207	6.593299571484222632e+00
208	7.080249318270354308e+00
209	8.726139462407479286e+00
210	1.321581612777561432e+01
211	1.154070899883132029e+01
212	3.418387222438644457e+00
213	2.551616673159330162e+00
214	1.441371250486949807e+00
215	1.246591351772497136e+00
216	1.149201402415270801e+00
217	9.252045188936501852e-01
218	8.180755746007012386e-01
219	8.083365796649786272e-01
220	6.232956758862485680e-01
221	5.356447214647448440e-01
222	4.090377873003506193e-01
223	4.090377873003506193e-01
224	3.895597974289053411e-01
225	3.213868328788468953e-01
226	3.213868328788468953e-01
227	2.726918582002337277e-01
228	2.532138683287884495e-01
229	2.532138683287884495e-01
230	2.337358784573431991e-01
231	2.239968835216205600e-01
232	2.045188936501753096e-01
233	2.045188936501753096e-01
234	1.753019088430073924e-01
235	5.843396961433579978e-02
236	4.869497467861316764e-02
237	4.869497467861316764e-02
238	4.869497467861316764e-02
239	3.895597974289053550e-02
240	2.921698480716789989e-02
241	1.947798987144526775e-02
242	1.947798987144526775e-02
243	0.000000000000000000e+00
244	0.000000000000000000e+00
245	0.000000000000000000e+00
246	0.000000000000000000e+00
247	0.000000000000000000e+00
248	0.000000000000000000e+00
249	0.000000000000000000e+00
250	0.000000000000000000e+00
251	0.000000000000000000e+00
252	0.000000000000000000e+00
253	0.000000000000000000e+00
254	0.000000000000000000e+00
255	0.000000000000000000e+00
256	0.000000000000000000e+00
257	0.000000000000000000e+00
258	0.000000000000000000e+00
259	0.000000000000000000e+00
260	0.000000000000000000e+00
261	0.000000000000000000e+00
262	0.000000000000000000e+00
263	0.000000000000000000e+00
264	0.000000000000000000e+00
265	0.000000000000000000e+00
266	0.000000000000000000e+00
267	0.000000000000000000e+00
268	0.000000000000000000e+00
269	0.000000000000000000e+00
270	0.000000000000000000e+00
271	0.000000000000000000e+00
272	0.000000000000000000e+00
273	0.000000000000000000e+00
274	0.000000000000000000e+00
275	0.000000000000000000e+00
276	0.000000000000000000e+00
277	0.000000000000000000e+00
278	0.000000000000000000e+00
279	0.000000000000000000e+00
280	0.000000000000000000e+00
281	0.000000000000000000e+00
282	0.000000000000000000e+00
283	0.000000000000000000e+00
284	0.000000000000000000e+00
285	0.000000000000000000e+00
286	0.000000000000000000e+00
287	0.000000000000000000e+00
288	0.000000000000000000e+00
289	0.000000000000000000e+00
290	0.000000000000000000e+00
291	0.000000000000000000e+00
292	0.000000000000000000e+00
293	0.000000000000000000e+00
294	0.000000000000000000e+00
295	0.000000000000000000e+00
296	0.000000000000000000e+00
297	0.000000000000000000e+00
298	0.000000000000000000e+00
299	0.000000000000000000e+00
300	0.000000000000000000e+00
301	0.000000000000000000e+00
302	0.000000000000000000e+00
303	0.000000000000000000e+00
304	0.000000000000000000e+00
305	0.000000000000000000e+00
306	0.000000000000000000e+00
307	0.000000000000000000e+00
308	0.000000000000000000e+00
309	0.000000000000000000e+00
310	0.000000000000000000e+00
311	0.000000000000000000e+00
312	0.000000000000000000e+00
313	0.000000000000000000e+00
314	0.000000000000000000e+00
315	0.000000000000000000e+00
316	0.000000000000000000e+00
317	0.000000000000000000e+00
318	0.000000000000000000e+00
319	0.000000000000000000e+00
320	0.000000000000000000e+00
321	0.000000000000000000e+00
