indel_size	fq
-38	33
-37	2
-36	0
-35	10
-34	26
-33	0
-32	12
-31	0
-30	17
-29	15
-28	0
-27	12
-26	11
-25	0
-24	5
-23	6
-22	0
-21	11
-20	47
-19	44
-18	37
-17	75
-16	94
-15	205
-14	166
-13	215
-12	108
-11	258
-10	285
-9	328
-8	455
-7	1265
-6	3553
-5	1968
-4	1108
-3	700
-2	3326
-1	1073
0	56940
1	1032
2	52
3	0
4	0
5	0
6	0
7	0
8	0
9	0
10	0
11	0
12	0
13	0
14	0
15	5
16	8
17	0
18	0
19	0
20	0
21	0
22	0
23	0
24	0
25	0
26	0
27	0
28	0
29	0
30	0
31	0
32	0
33	0
34	0
35	0
36	0
37	0
38	0
39	0
40	0
41	3
42	0
43	0
44	8
45	6
