# amplicon position	effect
1	0.000000000000000000e+00
2	0.000000000000000000e+00
3	0.000000000000000000e+00
4	0.000000000000000000e+00
5	0.000000000000000000e+00
6	0.000000000000000000e+00
7	0.000000000000000000e+00
8	0.000000000000000000e+00
9	0.000000000000000000e+00
10	0.000000000000000000e+00
11	0.000000000000000000e+00
12	0.000000000000000000e+00
13	0.000000000000000000e+00
14	0.000000000000000000e+00
15	0.000000000000000000e+00
16	0.000000000000000000e+00
17	0.000000000000000000e+00
18	0.000000000000000000e+00
19	0.000000000000000000e+00
20	0.000000000000000000e+00
21	0.000000000000000000e+00
22	0.000000000000000000e+00
23	0.000000000000000000e+00
24	0.000000000000000000e+00
25	0.000000000000000000e+00
26	0.000000000000000000e+00
27	0.000000000000000000e+00
28	0.000000000000000000e+00
29	0.000000000000000000e+00
30	0.000000000000000000e+00
31	0.000000000000000000e+00
32	0.000000000000000000e+00
33	0.000000000000000000e+00
34	0.000000000000000000e+00
35	0.000000000000000000e+00
36	0.000000000000000000e+00
37	0.000000000000000000e+00
38	0.000000000000000000e+00
39	0.000000000000000000e+00
40	0.000000000000000000e+00
41	0.000000000000000000e+00
42	0.000000000000000000e+00
43	0.000000000000000000e+00
44	0.000000000000000000e+00
45	0.000000000000000000e+00
46	0.000000000000000000e+00
47	0.000000000000000000e+00
48	0.000000000000000000e+00
49	0.000000000000000000e+00
50	0.000000000000000000e+00
51	0.000000000000000000e+00
52	0.000000000000000000e+00
53	0.000000000000000000e+00
54	0.000000000000000000e+00
55	0.000000000000000000e+00
56	0.000000000000000000e+00
57	0.000000000000000000e+00
58	0.000000000000000000e+00
59	0.000000000000000000e+00
60	0.000000000000000000e+00
61	0.000000000000000000e+00
62	0.000000000000000000e+00
63	0.000000000000000000e+00
64	0.000000000000000000e+00
65	0.000000000000000000e+00
66	0.000000000000000000e+00
67	0.000000000000000000e+00
68	0.000000000000000000e+00
69	0.000000000000000000e+00
70	0.000000000000000000e+00
71	0.000000000000000000e+00
72	0.000000000000000000e+00
73	0.000000000000000000e+00
74	0.000000000000000000e+00
75	0.000000000000000000e+00
76	0.000000000000000000e+00
77	0.000000000000000000e+00
78	0.000000000000000000e+00
79	0.000000000000000000e+00
80	0.000000000000000000e+00
81	0.000000000000000000e+00
82	0.000000000000000000e+00
83	0.000000000000000000e+00
84	0.000000000000000000e+00
85	0.000000000000000000e+00
86	0.000000000000000000e+00
87	0.000000000000000000e+00
88	0.000000000000000000e+00
89	0.000000000000000000e+00
90	1.397986898865633508e-02
91	2.596261383607605111e-02
92	2.596261383607605111e-02
93	2.596261383607605111e-02
94	2.696117590669435890e-02
95	2.696117590669435890e-02
96	3.694679661287745415e-02
97	3.694679661287745415e-02
98	5.791660009586195590e-02
99	5.791660009586195590e-02
100	5.891516216648026716e-02
101	1.737498002875858816e-01
102	2.925786866911647133e-01
103	4.932896628854449572e-01
104	7.209618149864195358e-01
105	9.326569739575012452e-01
106	1.458899185173350377e+00
107	1.751477871864515201e+00
108	2.150902700111839039e+00
109	2.825930659849816173e+00
110	3.022647387761623339e+00
111	3.630771688768173799e+00
112	3.752596261383607690e+00
113	4.156015337913404828e+00
114	4.633328007668956694e+00
115	5.101653618788944300e+00
116	6.221041699952069237e+00
117	1.082640996964371283e+01
118	1.204265857165681375e+01
119	6.481666400383447879e+00
120	5.982385365074293304e+00
121	5.649864195558396140e+00
122	5.019771528998242971e+00
123	4.240893113915960910e+00
124	3.775563189007828946e+00
125	3.270290781274963976e+00
126	2.994687649784310679e+00
127	2.181858124301006452e+00
128	2.018093944719603794e+00
129	1.506830164563029317e+00
130	1.095422591468285578e+00
131	7.049848218565265556e-01
132	4.134046972359801675e-01
133	2.206822176066464414e-01
134	1.927224796293337539e-01
135	1.417958140277999768e-01
136	9.985620706183095940e-02
137	9.985620706183095940e-02
138	8.487777600255631827e-02
139	2.196836555360281301e-02
140	0.000000000000000000e+00
141	0.000000000000000000e+00
142	0.000000000000000000e+00
143	0.000000000000000000e+00
144	0.000000000000000000e+00
145	0.000000000000000000e+00
146	0.000000000000000000e+00
147	0.000000000000000000e+00
148	0.000000000000000000e+00
149	0.000000000000000000e+00
150	0.000000000000000000e+00
151	0.000000000000000000e+00
152	0.000000000000000000e+00
153	0.000000000000000000e+00
154	0.000000000000000000e+00
155	0.000000000000000000e+00
156	0.000000000000000000e+00
157	0.000000000000000000e+00
158	0.000000000000000000e+00
159	0.000000000000000000e+00
160	0.000000000000000000e+00
161	0.000000000000000000e+00
162	0.000000000000000000e+00
163	0.000000000000000000e+00
164	0.000000000000000000e+00
165	0.000000000000000000e+00
166	0.000000000000000000e+00
167	0.000000000000000000e+00
168	0.000000000000000000e+00
169	0.000000000000000000e+00
170	0.000000000000000000e+00
171	0.000000000000000000e+00
172	0.000000000000000000e+00
173	0.000000000000000000e+00
174	0.000000000000000000e+00
175	0.000000000000000000e+00
176	0.000000000000000000e+00
177	0.000000000000000000e+00
178	0.000000000000000000e+00
179	0.000000000000000000e+00
180	0.000000000000000000e+00
181	0.000000000000000000e+00
182	0.000000000000000000e+00
183	0.000000000000000000e+00
184	0.000000000000000000e+00
185	0.000000000000000000e+00
186	0.000000000000000000e+00
187	0.000000000000000000e+00
188	0.000000000000000000e+00
189	0.000000000000000000e+00
190	0.000000000000000000e+00
191	0.000000000000000000e+00
192	0.000000000000000000e+00
193	0.000000000000000000e+00
194	0.000000000000000000e+00
195	0.000000000000000000e+00
196	0.000000000000000000e+00
197	0.000000000000000000e+00
198	0.000000000000000000e+00
199	0.000000000000000000e+00
200	0.000000000000000000e+00
201	0.000000000000000000e+00
202	0.000000000000000000e+00
203	0.000000000000000000e+00
204	0.000000000000000000e+00
205	0.000000000000000000e+00
206	0.000000000000000000e+00
207	0.000000000000000000e+00
208	0.000000000000000000e+00
209	0.000000000000000000e+00
210	0.000000000000000000e+00
211	0.000000000000000000e+00
212	0.000000000000000000e+00
213	0.000000000000000000e+00
214	0.000000000000000000e+00
215	0.000000000000000000e+00
216	0.000000000000000000e+00
217	0.000000000000000000e+00
218	0.000000000000000000e+00
219	0.000000000000000000e+00
220	0.000000000000000000e+00
221	0.000000000000000000e+00
222	0.000000000000000000e+00
223	0.000000000000000000e+00
224	0.000000000000000000e+00
225	0.000000000000000000e+00
226	0.000000000000000000e+00
227	0.000000000000000000e+00
228	0.000000000000000000e+00
229	0.000000000000000000e+00
230	0.000000000000000000e+00
231	0.000000000000000000e+00
232	0.000000000000000000e+00
233	0.000000000000000000e+00
234	0.000000000000000000e+00
235	0.000000000000000000e+00
236	0.000000000000000000e+00
237	0.000000000000000000e+00
238	0.000000000000000000e+00
239	0.000000000000000000e+00
240	0.000000000000000000e+00
241	0.000000000000000000e+00
242	0.000000000000000000e+00
243	0.000000000000000000e+00
244	0.000000000000000000e+00
245	0.000000000000000000e+00
246	0.000000000000000000e+00
247	0.000000000000000000e+00
248	0.000000000000000000e+00
249	0.000000000000000000e+00
250	0.000000000000000000e+00
251	0.000000000000000000e+00
252	0.000000000000000000e+00
253	0.000000000000000000e+00
254	0.000000000000000000e+00
255	0.000000000000000000e+00
256	0.000000000000000000e+00
257	0.000000000000000000e+00
258	0.000000000000000000e+00
259	0.000000000000000000e+00
260	0.000000000000000000e+00
261	0.000000000000000000e+00
262	0.000000000000000000e+00
263	0.000000000000000000e+00
264	0.000000000000000000e+00
265	0.000000000000000000e+00
266	0.000000000000000000e+00
267	0.000000000000000000e+00
268	0.000000000000000000e+00
269	0.000000000000000000e+00
270	0.000000000000000000e+00
271	0.000000000000000000e+00
272	0.000000000000000000e+00
273	0.000000000000000000e+00
274	0.000000000000000000e+00
275	0.000000000000000000e+00
276	0.000000000000000000e+00
277	0.000000000000000000e+00
278	0.000000000000000000e+00
279	0.000000000000000000e+00
280	0.000000000000000000e+00
281	0.000000000000000000e+00
282	0.000000000000000000e+00
283	0.000000000000000000e+00
284	0.000000000000000000e+00
285	0.000000000000000000e+00
286	0.000000000000000000e+00
287	0.000000000000000000e+00
288	0.000000000000000000e+00
289	0.000000000000000000e+00
290	0.000000000000000000e+00
291	0.000000000000000000e+00
292	0.000000000000000000e+00
293	0.000000000000000000e+00
294	0.000000000000000000e+00
295	0.000000000000000000e+00
296	0.000000000000000000e+00
297	0.000000000000000000e+00
298	0.000000000000000000e+00
299	0.000000000000000000e+00
300	0.000000000000000000e+00
301	0.000000000000000000e+00
302	0.000000000000000000e+00
303	0.000000000000000000e+00
304	0.000000000000000000e+00
305	0.000000000000000000e+00
306	0.000000000000000000e+00
307	0.000000000000000000e+00
308	0.000000000000000000e+00
309	0.000000000000000000e+00
310	0.000000000000000000e+00
311	0.000000000000000000e+00
312	0.000000000000000000e+00
313	0.000000000000000000e+00
