indel_size	fq
-43	17
-42	22
-41	8
-40	54
-39	1
-38	104
-37	9
-36	128
-35	38
-34	8
-33	3
-32	15
-31	79
-30	15
-29	13
-28	0
-27	6
-26	300
-25	17
-24	10
-23	52
-22	81
-21	27
-20	48
-19	82
-18	35
-17	75
-16	36
-15	2075
-14	631
-13	1967
-12	217
-11	726
-10	445
-9	839
-8	798
-7	1718
-6	8525
-5	7938
-4	5979
-3	2820
-2	11845
-1	4649
0	90958
1	32050
2	359
3	21
4	135
5	8
6	52
7	28
8	7
9	64
10	47
11	86
12	36
13	29
14	24
15	47
16	7
17	1
18	10
19	50
20	3
21	15
22	0
23	0
24	0
25	10
26	14
27	34
28	13
29	2
30	11
31	0
32	26
33	1
34	1
35	5
36	9
37	1
38	4
39	21
40	3
41	1
42	2
